id	effectiveTime	active	moduleId	definitionStatusId
2969000	20020131	1	900000000000207008	900000000000074008
4147007	20020131	1	900000000000207008	900000000000074008
19829001	20030131	1	900000000000207008	900000000000073002
20139000	20020131	1	900000000000207008	900000000000074008
22943007	20020131	1	900000000000207008	900000000000074008
26107004	20020131	1	900000000000207008	900000000000074008
27832009	20020131	1	900000000000207008	900000000000074008
30217000	20020131	1	900000000000207008	900000000000074008
36692007	20020131	1	900000000000207008	900000000000074008
38266002	20020131	1	900000000000207008	900000000000074008
38807002	20020731	0	900000000000207008	900000000000074008
38866009	20020131	1	900000000000207008	900000000000074008
39607008	20020131	1	900000000000207008	900000000000074008
41769001	20050131	1	900000000000207008	900000000000073002
42752001	20110131	1	900000000000012004	900000000000074008
43799004	20020131	1	900000000000207008	900000000000074008
47429007	20110131	1	900000000000012004	900000000000074008
48176007	20020131	1	900000000000207008	900000000000074008
49483002	20020131	1	900000000000207008	900000000000073002
49755003	20020131	1	900000000000207008	900000000000074008
50043002	20020131	1	900000000000207008	900000000000073002
51185008	20020131	1	900000000000207008	900000000000074008
52530000	20020131	1	900000000000207008	900000000000074008
52988006	20150131	1	900000000000207008	900000000000074008
53452003	20210731	0	900000000000207008	900000000000074008
55342001	20020131	1	900000000000207008	900000000000073002
57697001	20020131	1	900000000000207008	900000000000074008
60915007	20050131	0	900000000000207008	900000000000074008
64572001	20020131	1	900000000000207008	900000000000074008
67734004	20020131	1	900000000000207008	900000000000074008
70104002	20020131	1	900000000000207008	900000000000074008
72410000	20020131	1	900000000000207008	900000000000074008
82094008	20020131	1	900000000000207008	900000000000074008
86049000	20020131	1	900000000000207008	900000000000074008
91689009	20020131	1	900000000000207008	900000000000074008
91690000	20020131	1	900000000000207008	900000000000074008
91721003	20140131	0	900000000000207008	900000000000074008
91722005	20020131	1	900000000000207008	900000000000074008
91723000	20020131	1	900000000000207008	900000000000074008
91806002	20020131	1	900000000000207008	900000000000074008
91807006	20020131	1	900000000000207008	900000000000074008
91829005	20020131	1	900000000000207008	900000000000074008
94111002	20020131	1	900000000000207008	900000000000073002
94147001	20020131	1	900000000000207008	900000000000073002
106028002	20040131	1	900000000000207008	900000000000073002
106048009	20040131	1	900000000000207008	900000000000073002
106228007	20020731	0	900000000000207008	900000000000074008
106232001	20020131	1	900000000000207008	900000000000074008
106234000	20020131	1	900000000000207008	900000000000074008
106237007	20110131	1	900000000000012004	900000000000074008
108369006	20020131	1	900000000000207008	900000000000074008
109357005	20210731	0	900000000000207008	900000000000074008
113343008	20020131	1	900000000000207008	900000000000074008
116676008	20110131	1	900000000000012004	900000000000074008
116680003	20110131	1	900000000000012004	900000000000074008
116686009	20110131	1	900000000000012004	900000000000074008
118168003	20110131	1	900000000000012004	900000000000074008
118169006	20110131	1	900000000000012004	900000000000074008
118170007	20110131	1	900000000000012004	900000000000074008
118171006	20110131	1	900000000000012004	900000000000074008
118222006	20020131	1	900000000000207008	900000000000074008
118225008	20050131	0	900000000000207008	900000000000074008
118234003	20210731	0	900000000000207008	900000000000074008
118946009	20020131	1	900000000000207008	900000000000073002
118956008	20020131	1	900000000000207008	900000000000074008
118969007	20020131	1	900000000000207008	900000000000074008
123005000	20190131	0	900000000000012004	900000000000074008
123037004	20020131	1	900000000000207008	900000000000074008
123946008	20210731	0	900000000000207008	900000000000074008
123960005	20020131	1	900000000000207008	900000000000074008
125676002	20020131	1	900000000000207008	900000000000074008
126637008	20020131	1	900000000000207008	900000000000073002
126638003	20140131	1	900000000000207008	900000000000073002
126667002	20020131	1	900000000000207008	900000000000073002
126713003	20020131	1	900000000000207008	900000000000073002
126725000	20020131	1	900000000000207008	900000000000073002
127331007	20210731	0	900000000000207008	900000000000074008
127489000	20110131	1	900000000000012004	900000000000074008
127947003	20020131	1	900000000000207008	900000000000074008
128121009	20020131	1	900000000000207008	900000000000073002
128262006	20020131	1	900000000000207008	900000000000074008
128272009	20020131	1	900000000000207008	900000000000073002
131195008	20110131	1	900000000000012004	900000000000074008
138875005	20020131	1	900000000000207008	900000000000074008
160237006	20020131	1	900000000000207008	900000000000074008
162571008	20100131	0	900000000000207008	900000000000074008
162572001	20050731	1	900000000000207008	900000000000073002
162573006	20050731	1	900000000000207008	900000000000073002
188361007	20020731	1	900000000000207008	900000000000073002
229761008	20020131	1	900000000000207008	900000000000074008
233814000	20020731	1	900000000000207008	900000000000073002
243796009	20020131	1	900000000000207008	900000000000074008
243928005	20020131	1	900000000000207008	900000000000074008
246061005	20110131	1	900000000000012004	900000000000074008
246062003	20110131	1	900000000000012004	900000000000074008
246075003	20110131	1	900000000000012004	900000000000074008
246090004	20110131	1	900000000000012004	900000000000074008
246093002	20110131	1	900000000000012004	900000000000074008
246112005	20110131	1	900000000000012004	900000000000074008
246188002	20040131	0	900000000000207008	900000000000074008
246379000	20110131	1	900000000000012004	900000000000074008
246454002	20110131	1	900000000000012004	900000000000074008
246456000	20110131	1	900000000000012004	900000000000074008
246501002	20110131	1	900000000000012004	900000000000074008
246513007	20110131	1	900000000000012004	900000000000074008
246514001	20110131	1	900000000000012004	900000000000074008
250171008	20210731	0	900000000000207008	900000000000074008
254618003	20020731	1	900000000000207008	900000000000073002
255050003	20190731	0	900000000000207008	900000000000074008
255054007	20210731	0	900000000000207008	900000000000074008
255058005	20020731	1	900000000000207008	900000000000073002
255203001	20020131	1	900000000000207008	900000000000074008
255234002	20110131	1	900000000000012004	900000000000074008
255395001	20020131	1	900000000000207008	900000000000074008
257728006	20060731	0	900000000000207008	900000000000074008
260507000	20110131	1	900000000000012004	900000000000074008
260670006	20110731	0	900000000000207008	900000000000074008
260686004	20110131	1	900000000000012004	900000000000074008
260858005	20110131	1	900000000000012004	900000000000074008
260863009	20110131	1	900000000000012004	900000000000074008
260870009	20110131	1	900000000000012004	900000000000074008
260908002	20070131	0	900000000000207008	900000000000074008
261060002	20020131	1	900000000000207008	900000000000074008
262225004	20020131	1	900000000000207008	900000000000074008
263490005	20110131	1	900000000000012004	900000000000074008
263491009	20110131	1	900000000000012004	900000000000074008
263502005	20110131	1	900000000000012004	900000000000074008
263534001	20110131	1	900000000000012004	900000000000074008
271586000	20020731	0	900000000000207008	900000000000074008
272099008	20020131	1	900000000000207008	900000000000074008
272734009	20110131	1	900000000000012004	900000000000074008
272741003	20110131	1	900000000000012004	900000000000074008
274738006	20090131	0	900000000000207008	900000000000074008
276438008	20020131	1	900000000000207008	900000000000074008
277739008	20020131	1	900000000000207008	900000000000074008
278195005	20020131	1	900000000000207008	900000000000074008
278197002	20020131	1	900000000000207008	900000000000074008
278264008	20020131	1	900000000000207008	900000000000074008
278441008	20030731	1	900000000000207008	900000000000074008
280542007	20020131	1	900000000000207008	900000000000074008
281483004	20020131	1	900000000000207008	900000000000074008
281586009	20020131	1	900000000000207008	900000000000074008
288529006	20020131	1	900000000000207008	900000000000074008
288556008	20110131	1	900000000000012004	900000000000074008
298363007	20040731	0	900000000000207008	900000000000074008
298705000	20040731	1	900000000000207008	900000000000073002
300847008	20020731	0	900000000000207008	900000000000074008
300848003	20040131	1	900000000000207008	900000000000073002
300851005	20050131	1	900000000000207008	900000000000073002
300862005	20050131	1	900000000000207008	900000000000073002
301226008	20050131	1	900000000000207008	900000000000073002
301230006	20050131	1	900000000000207008	900000000000073002
301232003	20150131	1	900000000000207008	900000000000073002
301296002	20050131	1	900000000000207008	900000000000073002
301857004	20210731	0	900000000000207008	900000000000074008
302292003	20040131	1	900000000000207008	900000000000073002
302551006	20020131	1	900000000000207008	900000000000074008
302817000	20190731	0	900000000000207008	900000000000074008
303102005	20020131	1	900000000000207008	900000000000074008
308489006	20020131	1	900000000000207008	900000000000074008
309524007	20050131	1	900000000000207008	900000000000073002
309529002	20050131	1	900000000000207008	900000000000073002
310787001	20020131	1	900000000000207008	900000000000074008
312419003	20020131	1	900000000000207008	900000000000074008
321667001	20020131	1	900000000000207008	900000000000074008
362873000	20020131	1	900000000000207008	900000000000074008
362874006	20020131	1	900000000000207008	900000000000074008
362889002	20020131	1	900000000000207008	900000000000074008
362937008	20020131	1	900000000000207008	900000000000074008
362965005	20020131	1	900000000000207008	900000000000073002
362981000	20020131	1	900000000000207008	900000000000074008
363346000	20020131	1	900000000000207008	900000000000073002
363357005	20210731	0	900000000000207008	900000000000074008
363358000	20020731	1	900000000000207008	900000000000073002
363536003	20020131	1	900000000000207008	900000000000074008
363589002	20110131	1	900000000000012004	900000000000074008
363698007	20110131	1	900000000000012004	900000000000074008
363699004	20110131	1	900000000000012004	900000000000074008
363700003	20110131	1	900000000000012004	900000000000074008
363701004	20110131	1	900000000000012004	900000000000074008
363702006	20110131	1	900000000000012004	900000000000074008
363703001	20110131	1	900000000000012004	900000000000074008
363704007	20110131	1	900000000000012004	900000000000074008
363705008	20110131	1	900000000000012004	900000000000074008
363709002	20110131	1	900000000000012004	900000000000074008
363710007	20110131	1	900000000000012004	900000000000074008
363713009	20110131	1	900000000000012004	900000000000074008
363714003	20110131	1	900000000000012004	900000000000074008
363743006	20020131	1	900000000000207008	900000000000074008
367636007	20020731	0	900000000000207008	900000000000074008
367640003	20020731	0	900000000000207008	900000000000074008
367651003	20020131	1	900000000000207008	900000000000074008
370115009	20020131	1	900000000000207008	900000000000074008
370129005	20110131	1	900000000000012004	900000000000074008
370130000	20110131	1	900000000000012004	900000000000074008
370131001	20110131	1	900000000000012004	900000000000074008
370132008	20110131	1	900000000000012004	900000000000074008
370133003	20110131	1	900000000000012004	900000000000074008
370134009	20110131	1	900000000000012004	900000000000074008
370135005	20110131	1	900000000000012004	900000000000074008
370136006	20110131	1	900000000000012004	900000000000074008
370227000	20050131	0	900000000000207008	900000000000074008
371881003	20110131	1	900000000000012004	900000000000074008
372087000	20020731	1	900000000000207008	900000000000073002
394966004	20050731	1	900000000000207008	900000000000073002
399902003	20030731	1	900000000000207008	900000000000073002
399981008	20030731	1	900000000000207008	900000000000073002
400141005	20030731	1	900000000000207008	900000000000074008
400177003	20030731	1	900000000000207008	900000000000074008
404684003	20040131	1	900000000000207008	900000000000074008
405813007	20110131	1	900000000000012004	900000000000074008
405814001	20110131	1	900000000000012004	900000000000074008
405815000	20110131	1	900000000000012004	900000000000074008
405816004	20110131	1	900000000000012004	900000000000074008
406123005	20040131	1	900000000000207008	900000000000073002
408729009	20110131	1	900000000000012004	900000000000074008
408730004	20110131	1	900000000000012004	900000000000074008
408731000	20110131	1	900000000000012004	900000000000074008
408732007	20110131	1	900000000000012004	900000000000074008
408739003	20110131	1	900000000000012004	900000000000074008
410510008	20040731	1	900000000000207008	900000000000074008
410511007	20040731	1	900000000000207008	900000000000074008
410512000	20040731	1	900000000000207008	900000000000074008
410514004	20040731	1	900000000000207008	900000000000074008
410590009	20040731	1	900000000000207008	900000000000074008
410604004	20040731	1	900000000000207008	900000000000074008
410662002	20110131	1	900000000000012004	900000000000074008
410675002	20110131	1	900000000000012004	900000000000074008
411116001	20110131	1	900000000000012004	900000000000074008
413350009	20050131	1	900000000000207008	900000000000073002
414679000	20110131	1	900000000000012004	900000000000074008
415684004	20050131	1	900000000000207008	900000000000074008
416152001	20050731	1	900000000000207008	900000000000074008
416319003	20050731	1	900000000000207008	900000000000074008
416550000	20050731	1	900000000000207008	900000000000074008
416775004	20050731	1	900000000000207008	900000000000074008
416939005	20050731	1	900000000000207008	900000000000074008
417437006	20050731	1	900000000000207008	900000000000074008
418775008	20110131	1	900000000000012004	900000000000074008
419066007	20110131	1	900000000000012004	900000000000074008
419358007	20060131	1	900000000000207008	900000000000074008
420473002	20060731	1	900000000000207008	900000000000074008
424226004	20110131	1	900000000000012004	900000000000074008
424244007	20110131	1	900000000000012004	900000000000074008
424361007	20110131	1	900000000000012004	900000000000074008
424876005	20110131	1	900000000000012004	900000000000074008
425391005	20110131	1	900000000000012004	900000000000074008
428100006	20080131	1	900000000000207008	900000000000073002
430621000	20080731	1	900000000000207008	900000000000073002
440299000	20090131	1	900000000000207008	900000000000073002
442083009	20090731	1	900000000000207008	900000000000074008
443859009	20100131	1	900000000000207008	900000000000073002
444433005	20100131	1	900000000000207008	900000000000073002
448708002	20110731	1	900000000000207008	900000000000073002
449096009	20110731	1	900000000000207008	900000000000073002
609096000	20130731	1	900000000000012004	900000000000074008
609412005	20170131	0	900000000000207008	900000000000074008
609413000	20170131	0	900000000000207008	900000000000074008
609622007	20130731	1	900000000000207008	900000000000073002
609623002	20130731	1	900000000000207008	900000000000073002
698967008	20140131	1	900000000000207008	900000000000074008
699589007	20140131	1	900000000000207008	900000000000074008
699590003	20140131	1	900000000000207008	900000000000074008
699593001	20140131	1	900000000000207008	900000000000074008
699594007	20140131	1	900000000000207008	900000000000074008
704319004	20150131	1	900000000000012004	900000000000074008
704320005	20150131	1	900000000000012004	900000000000074008
704321009	20150131	1	900000000000012004	900000000000074008
704322002	20150131	1	900000000000012004	900000000000074008
704323007	20150131	1	900000000000012004	900000000000074008
704324001	20150131	1	900000000000012004	900000000000074008
704325000	20150131	1	900000000000012004	900000000000074008
704326004	20150131	1	900000000000012004	900000000000074008
704327008	20150131	1	900000000000012004	900000000000074008
704346009	20150131	1	900000000000012004	900000000000074008
704347000	20150131	1	900000000000012004	900000000000074008
704647008	20150131	1	900000000000012004	900000000000074008
714323000	20160131	1	900000000000207008	900000000000074008
714488006	20160131	1	900000000000207008	900000000000074008
718497002	20170131	1	900000000000012004	900000000000074008
719715003	20180731	1	900000000000012004	900000000000074008
719722006	20180731	1	900000000000012004	900000000000074008
719982003	20170131	1	900000000000207008	900000000000074008
726542003	20170731	1	900000000000012004	900000000000074008
726633004	20180131	1	900000000000012004	900000000000074008
726634005	20180131	0	900000000000012004	900000000000074008
732943007	20170731	1	900000000000012004	900000000000074008
732945000	20170731	1	900000000000012004	900000000000074008
732947008	20170731	1	900000000000012004	900000000000074008
733722007	20180131	1	900000000000012004	900000000000074008
733725009	20180131	1	900000000000012004	900000000000074008
733928003	20170731	1	900000000000012004	900000000000074008
733930001	20170731	1	900000000000012004	900000000000074008
733931002	20170731	1	900000000000012004	900000000000074008
733932009	20170731	1	900000000000012004	900000000000074008
733933004	20170731	1	900000000000012004	900000000000074008
734136001	20170731	1	900000000000012004	900000000000074008
734137005	20170731	1	900000000000012004	900000000000074008
736472000	20180131	1	900000000000012004	900000000000074008
736473005	20180131	1	900000000000012004	900000000000074008
736474004	20180131	1	900000000000012004	900000000000074008
736475003	20180131	1	900000000000012004	900000000000074008
736476002	20180131	1	900000000000012004	900000000000074008
736518005	20180131	1	900000000000012004	900000000000074008
738774007	20180131	1	900000000000012004	900000000000074008
762705008	20180131	1	900000000000012004	900000000000074008
762706009	20180131	1	900000000000012004	900000000000074008
762949000	20180131	1	900000000000012004	900000000000074008
762951001	20180131	1	900000000000012004	900000000000074008
763032000	20180731	1	900000000000012004	900000000000074008
766939001	20180731	1	900000000000012004	900000000000074008
774081006	20190131	1	900000000000012004	900000000000074008
774158006	20190131	1	900000000000012004	900000000000074008
774159003	20190131	1	900000000000012004	900000000000074008
774160008	20190131	1	900000000000012004	900000000000074008
774163005	20190131	1	900000000000012004	900000000000074008
816094009	20200131	1	900000000000207008	900000000000074008
827081001	20200731	1	900000000000012004	900000000000074008
836358009	20200731	1	900000000000012004	900000000000074008
840560000	20200731	1	900000000000012004	900000000000074008
860779006	20200731	1	900000000000012004	900000000000074008
860781008	20200731	1	900000000000012004	900000000000074008
1003703000	20210131	1	900000000000012004	900000000000074008
1003735000	20210131	1	900000000000012004	900000000000074008
1142135004	20210731	1	900000000000012004	900000000000074008
1142136003	20210731	1	900000000000012004	900000000000074008
1142137007	20210731	1	900000000000012004	900000000000074008
1142138002	20210731	1	900000000000012004	900000000000074008
1142139005	20210731	1	900000000000012004	900000000000074008
1142140007	20210731	1	900000000000012004	900000000000074008
1142141006	20210731	1	900000000000012004	900000000000074008
1142142004	20210731	1	900000000000012004	900000000000074008
1142143009	20210731	1	900000000000012004	900000000000074008
1148793005	20210731	1	900000000000012004	900000000000074008
1148965004	20210731	1	900000000000012004	900000000000074008
1148967007	20210731	1	900000000000012004	900000000000074008
1148968002	20210731	1	900000000000012004	900000000000074008
1148969005	20210731	1	900000000000012004	900000000000074008
1149366004	20210731	1	900000000000012004	900000000000074008
1149367008	20210731	1	900000000000012004	900000000000074008
320091000221107	20200731	1	900000000000012004	900000000000074008
900000000000003001	20020131	1	900000000000012004	900000000000074008
900000000000006009	20020131	1	900000000000012004	900000000000074008
900000000000010007	20020131	1	900000000000012004	900000000000074008
900000000000011006	20020131	1	900000000000012004	900000000000074008
900000000000013009	20020131	1	900000000000012004	900000000000074008
900000000000073002	20020131	1	900000000000012004	900000000000074008
900000000000074008	20020131	1	900000000000012004	900000000000074008
900000000000441003	20020131	1	900000000000012004	900000000000074008
900000000000442005	20020131	1	900000000000012004	900000000000074008
900000000000443000	20020131	1	900000000000012004	900000000000074008
900000000000444006	20020131	1	900000000000012004	900000000000074008
900000000000445007	20020131	1	900000000000012004	900000000000074008
900000000000446008	20020131	1	900000000000012004	900000000000074008
900000000000449001	20020131	1	900000000000012004	900000000000074008
900000000000450001	20020131	1	900000000000012004	900000000000074008
900000000000451002	20020131	1	900000000000012004	900000000000074008
900000000000454005	20020131	1	900000000000012004	900000000000074008
900000000000457003	20020131	1	900000000000012004	900000000000074008
900000000000511003	20020131	1	900000000000012004	900000000000074008
900000000000548007	20020131	1	900000000000012004	900000000000074008
900000000000549004	20020131	1	900000000000012004	900000000000074008
900000000000550004	20020131	1	900000000000012004	900000000000074008
